% %6 point quadrature
p_T_6 = [   0.554051509084030   0.445948490915970
   0.554051509084030   0.108103018168070
   0.891896981831930   0.445948490915970
   0.908423786490230   0.091576213509770
   0.908423786490230   0.816847572980460
   0.183152427019540   0.091576213509770];

w_T_6 = [   0.111690794839005
   0.111690794839005
   0.111690794839005
   0.054975871827660
   0.054975871827660
   0.054975871827660];


% % 9 point quadrature
% p_T_6 = [0.875050496766768   0.437525248383384
%    0.562474751616616   0.124949503233232
%    0.562474751616616   0.437525248383384
%    0.202887348139929   0.165409927389841
%    0.202887348139929   0.037477420750088
%    0.834590072610159   0.797112651860071
%    0.834590072610159   0.037477420750088
%    0.962522579249912   0.797112651860071
%    0.962522579249912   0.165409927389841];
% 
% w_T_6 = [0.102975252380443
%    0.102975252380443
%    0.102975252380443
%    0.031845707143112
%    0.031845707143112
%    0.031845707143112
%    0.031845707143112
%    0.031845707143112
%    0.031845707143112];


% p_T_6 = [   0.750713254829090   0.249286745170910
%    0.750713254829090   0.501426509658180
%    0.498573490341820   0.249286745170910
%    0.936910985508500   0.063089014491500
%    0.936910985508500   0.873821971017000
%    0.126178028983000   0.063089014491500
%    0.689647548966220   0.636502499121400
%    0.363497500878600   0.053145049844820
%    0.946854950155180   0.310352451033780
%    0.363497500878600   0.310352451033780
%    0.689647548966220   0.053145049844820
%    0.946854950155180   0.636502499121400];
% 
% w_T_6 = [   0.058393137863190
%    0.058393137863190
%    0.058393137863190
%    0.025422453185105
%    0.025422453185105
%    0.025422453185105
%    0.041425537809185
%    0.041425537809185
%    0.041425537809185
%    0.041425537809185
%    0.041425537809185
%    0.041425537809185];


phiB = reshape((w_T_6*w_T_6'),1,[]);

% 81 point quadrature
p_4D = [0.112701665379258   0.112701665379258   0.112701665379258   0.112701665379258
   0.112701665379258   0.112701665379258   0.112701665379258   0.500000000000000
   0.112701665379258   0.112701665379258   0.112701665379258   0.887298334620742
   0.112701665379258   0.112701665379258   0.500000000000000   0.112701665379258
   0.112701665379258   0.112701665379258   0.500000000000000   0.500000000000000
   0.112701665379258   0.112701665379258   0.500000000000000   0.887298334620742
   0.112701665379258   0.112701665379258   0.887298334620742   0.112701665379258
   0.112701665379258   0.112701665379258   0.887298334620742   0.500000000000000
   0.112701665379258   0.112701665379258   0.887298334620742   0.887298334620742
   0.112701665379258   0.500000000000000   0.112701665379258   0.112701665379258
   0.112701665379258   0.500000000000000   0.112701665379258   0.500000000000000
   0.112701665379258   0.500000000000000   0.112701665379258   0.887298334620742
   0.112701665379258   0.500000000000000   0.500000000000000   0.112701665379258
   0.112701665379258   0.500000000000000   0.500000000000000   0.500000000000000
   0.112701665379258   0.500000000000000   0.500000000000000   0.887298334620742
   0.112701665379258   0.500000000000000   0.887298334620742   0.112701665379258
   0.112701665379258   0.500000000000000   0.887298334620742   0.500000000000000
   0.112701665379258   0.500000000000000   0.887298334620742   0.887298334620742
   0.112701665379258   0.887298334620742   0.112701665379258   0.112701665379258
   0.112701665379258   0.887298334620742   0.112701665379258   0.500000000000000
   0.112701665379258   0.887298334620742   0.112701665379258   0.887298334620742
   0.112701665379258   0.887298334620742   0.500000000000000   0.112701665379258
   0.112701665379258   0.887298334620742   0.500000000000000   0.500000000000000
   0.112701665379258   0.887298334620742   0.500000000000000   0.887298334620742
   0.112701665379258   0.887298334620742   0.887298334620742   0.112701665379258
   0.112701665379258   0.887298334620742   0.887298334620742   0.500000000000000
   0.112701665379258   0.887298334620742   0.887298334620742   0.887298334620742
   0.500000000000000   0.112701665379258   0.112701665379258   0.112701665379258
   0.500000000000000   0.112701665379258   0.112701665379258   0.500000000000000
   0.500000000000000   0.112701665379258   0.112701665379258   0.887298334620742
   0.500000000000000   0.112701665379258   0.500000000000000   0.112701665379258
   0.500000000000000   0.112701665379258   0.500000000000000   0.500000000000000
   0.500000000000000   0.112701665379258   0.500000000000000   0.887298334620742
   0.500000000000000   0.112701665379258   0.887298334620742   0.112701665379258
   0.500000000000000   0.112701665379258   0.887298334620742   0.500000000000000
   0.500000000000000   0.112701665379258   0.887298334620742   0.887298334620742
   0.500000000000000   0.500000000000000   0.112701665379258   0.112701665379258
   0.500000000000000   0.500000000000000   0.112701665379258   0.500000000000000
   0.500000000000000   0.500000000000000   0.112701665379258   0.887298334620742
   0.500000000000000   0.500000000000000   0.500000000000000   0.112701665379258
   0.500000000000000   0.500000000000000   0.500000000000000   0.500000000000000
   0.500000000000000   0.500000000000000   0.500000000000000   0.887298334620742
   0.500000000000000   0.500000000000000   0.887298334620742   0.112701665379258
   0.500000000000000   0.500000000000000   0.887298334620742   0.500000000000000
   0.500000000000000   0.500000000000000   0.887298334620742   0.887298334620742
   0.500000000000000   0.887298334620742   0.112701665379258   0.112701665379258
   0.500000000000000   0.887298334620742   0.112701665379258   0.500000000000000
   0.500000000000000   0.887298334620742   0.112701665379258   0.887298334620742
   0.500000000000000   0.887298334620742   0.500000000000000   0.112701665379258
   0.500000000000000   0.887298334620742   0.500000000000000   0.500000000000000
   0.500000000000000   0.887298334620742   0.500000000000000   0.887298334620742
   0.500000000000000   0.887298334620742   0.887298334620742   0.112701665379258
   0.500000000000000   0.887298334620742   0.887298334620742   0.500000000000000
   0.500000000000000   0.887298334620742   0.887298334620742   0.887298334620742
   0.887298334620742   0.112701665379258   0.112701665379258   0.112701665379258
   0.887298334620742   0.112701665379258   0.112701665379258   0.500000000000000
   0.887298334620742   0.112701665379258   0.112701665379258   0.887298334620742
   0.887298334620742   0.112701665379258   0.500000000000000   0.112701665379258
   0.887298334620742   0.112701665379258   0.500000000000000   0.500000000000000
   0.887298334620742   0.112701665379258   0.500000000000000   0.887298334620742
   0.887298334620742   0.112701665379258   0.887298334620742   0.112701665379258
   0.887298334620742   0.112701665379258   0.887298334620742   0.500000000000000
   0.887298334620742   0.112701665379258   0.887298334620742   0.887298334620742
   0.887298334620742   0.500000000000000   0.112701665379258   0.112701665379258
   0.887298334620742   0.500000000000000   0.112701665379258   0.500000000000000
   0.887298334620742   0.500000000000000   0.112701665379258   0.887298334620742
   0.887298334620742   0.500000000000000   0.500000000000000   0.112701665379258
   0.887298334620742   0.500000000000000   0.500000000000000   0.500000000000000
   0.887298334620742   0.500000000000000   0.500000000000000   0.887298334620742
   0.887298334620742   0.500000000000000   0.887298334620742   0.112701665379258
   0.887298334620742   0.500000000000000   0.887298334620742   0.500000000000000
   0.887298334620742   0.500000000000000   0.887298334620742   0.887298334620742
   0.887298334620742   0.887298334620742   0.112701665379258   0.112701665379258
   0.887298334620742   0.887298334620742   0.112701665379258   0.500000000000000
